,Linear SVM,Logistic Regression,Neural Network,Random Forest
0,0.6060606060606061,0.494949494949495,0.5050505050505051,0.5050505050505051
1,0.5050505050505051,0.48484848484848486,0.35353535353535354,0.37373737373737376
2,0.42424242424242425,0.42424242424242425,0.5757575757575758,0.41414141414141414
3,0.5252525252525253,0.5252525252525253,0.5353535353535354,0.4444444444444444
4,0.5252525252525253,0.494949494949495,0.5151515151515151,0.46464646464646464
5,0.5454545454545454,0.48484848484848486,0.48484848484848486,0.45454545454545453
6,0.5353535353535354,0.45454545454545453,0.5454545454545454,0.46464646464646464
7,0.5757575757575758,0.5252525252525253,0.47474747474747475,0.42424242424242425
8,0.5454545454545454,0.5050505050505051,0.5050505050505051,0.494949494949495
9,0.5656565656565656,0.47474747474747475,0.5252525252525253,0.4444444444444444
10,0.5454545454545454,0.5555555555555556,0.4444444444444444,0.42424242424242425
11,0.48484848484848486,0.5454545454545454,0.45454545454545453,0.45454545454545453
12,0.45454545454545453,0.45454545454545453,0.5454545454545454,0.494949494949495
13,0.494949494949495,0.494949494949495,0.47474747474747475,0.40404040404040403
14,0.48484848484848486,0.43434343434343436,0.43434343434343436,0.43434343434343436
15,0.5353535353535354,0.45454545454545453,0.45454545454545453,0.5151515151515151
16,0.5151515151515151,0.5151515151515151,0.494949494949495,0.48484848484848486
17,0.5151515151515151,0.48484848484848486,0.48484848484848486,0.5151515151515151
18,0.43434343434343436,0.3838383838383838,0.6161616161616161,0.3333333333333333
19,0.5454545454545454,0.494949494949495,0.494949494949495,0.5151515151515151
20,0.5050505050505051,0.4444444444444444,0.4444444444444444,0.43434343434343436
21,0.45454545454545453,0.5050505050505051,0.494949494949495,0.4444444444444444
22,0.494949494949495,0.5151515151515151,0.5151515151515151,0.47474747474747475
23,0.5151515151515151,0.5151515151515151,0.45454545454545453,0.47474747474747475
24,0.5252525252525253,0.5252525252525253,0.47474747474747475,0.46464646464646464
25,0.45454545454545453,0.40404040404040403,0.40404040404040403,0.48484848484848486
26,0.5656565656565656,0.5656565656565656,0.45454545454545453,0.47474747474747475
27,0.4444444444444444,0.41414141414141414,0.5858585858585859,0.43434343434343436
28,0.494949494949495,0.5151515151515151,0.48484848484848486,0.494949494949495
29,0.5555555555555556,0.494949494949495,0.494949494949495,0.5757575757575758
30,0.494949494949495,0.494949494949495,0.5050505050505051,0.494949494949495
31,0.5151515151515151,0.5151515151515151,0.43434343434343436,0.35353535353535354
32,0.5757575757575758,0.5353535353535354,0.5353535353535354,0.3939393939393939
33,0.5151515151515151,0.5050505050505051,0.494949494949495,0.40404040404040403
34,0.48484848484848486,0.46464646464646464,0.46464646464646464,0.494949494949495
35,0.5959595959595959,0.5050505050505051,0.5050505050505051,0.5252525252525253
36,0.5353535353535354,0.5454545454545454,0.45454545454545453,0.42424242424242425
37,0.5757575757575758,0.494949494949495,0.5050505050505051,0.5151515151515151
38,0.5858585858585859,0.48484848484848486,0.5151515151515151,0.45454545454545453
39,0.5959595959595959,0.5050505050505051,0.494949494949495,0.40404040404040403
40,0.5454545454545454,0.5050505050505051,0.494949494949495,0.494949494949495
41,0.5252525252525253,0.5252525252525253,0.5252525252525253,0.494949494949495
42,0.45454545454545453,0.45454545454545453,0.494949494949495,0.48484848484848486
43,0.47474747474747475,0.42424242424242425,0.5757575757575758,0.494949494949495
44,0.5757575757575758,0.494949494949495,0.5050505050505051,0.40404040404040403
45,0.5353535353535354,0.5353535353535354,0.45454545454545453,0.494949494949495
46,0.5959595959595959,0.46464646464646464,0.5353535353535354,0.47474747474747475
47,0.5757575757575758,0.5050505050505051,0.5050505050505051,0.494949494949495
48,0.5656565656565656,0.5050505050505051,0.494949494949495,0.3838383838383838
49,0.5454545454545454,0.5454545454545454,0.45454545454545453,0.494949494949495
50,0.6262626262626263,0.5050505050505051,0.494949494949495,0.5454545454545454
51,0.494949494949495,0.4444444444444444,0.4444444444444444,0.40404040404040403
52,0.5252525252525253,0.5555555555555556,0.4444444444444444,0.48484848484848486
53,0.5656565656565656,0.47474747474747475,0.47474747474747475,0.5050505050505051
54,0.5252525252525253,0.5151515151515151,0.5050505050505051,0.46464646464646464
55,0.5959595959595959,0.5050505050505051,0.494949494949495,0.48484848484848486
56,0.46464646464646464,0.5454545454545454,0.45454545454545453,0.5252525252525253
57,0.48484848484848486,0.45454545454545453,0.5454545454545454,0.494949494949495
58,0.4444444444444444,0.4444444444444444,0.4444444444444444,0.4444444444444444
59,0.47474747474747475,0.48484848484848486,0.5757575757575758,0.4444444444444444
60,0.46464646464646464,0.46464646464646464,0.46464646464646464,0.5252525252525253
61,0.5555555555555556,0.5252525252525253,0.47474747474747475,0.4444444444444444
62,0.5151515151515151,0.5151515151515151,0.5353535353535354,0.5151515151515151
63,0.5353535353535354,0.48484848484848486,0.48484848484848486,0.45454545454545453
64,0.494949494949495,0.5252525252525253,0.47474747474747475,0.45454545454545453
65,0.5454545454545454,0.5050505050505051,0.494949494949495,0.5252525252525253
66,0.5252525252525253,0.47474747474747475,0.47474747474747475,0.46464646464646464
67,0.494949494949495,0.5252525252525253,0.5252525252525253,0.41414141414141414
68,0.5050505050505051,0.494949494949495,0.494949494949495,0.43434343434343436
69,0.5252525252525253,0.494949494949495,0.494949494949495,0.494949494949495
70,0.5151515151515151,0.5151515151515151,0.47474747474747475,0.494949494949495
71,0.48484848484848486,0.5555555555555556,0.5555555555555556,0.5454545454545454
72,0.6060606060606061,0.5050505050505051,0.5050505050505051,0.47474747474747475
73,0.48484848484848486,0.48484848484848486,0.5151515151515151,0.5151515151515151
74,0.5858585858585859,0.494949494949495,0.5050505050505051,0.48484848484848486
75,0.5757575757575758,0.5050505050505051,0.5050505050505051,0.494949494949495
76,0.5252525252525253,0.5353535353535354,0.5353535353535354,0.494949494949495
77,0.5454545454545454,0.48484848484848486,0.48484848484848486,0.3838383838383838
78,0.5656565656565656,0.5151515151515151,0.48484848484848486,0.5050505050505051
79,0.5858585858585859,0.47474747474747475,0.5252525252525253,0.494949494949495
80,0.6060606060606061,0.5050505050505051,0.5050505050505051,0.47474747474747475
81,0.5151515151515151,0.5151515151515151,0.494949494949495,0.43434343434343436
82,0.5555555555555556,0.5555555555555556,0.5555555555555556,0.45454545454545453
83,0.5454545454545454,0.494949494949495,0.494949494949495,0.37373737373737376
84,0.5151515151515151,0.5151515151515151,0.5656565656565656,0.48484848484848486
85,0.5050505050505051,0.45454545454545453,0.45454545454545453,0.41414141414141414
86,0.5656565656565656,0.47474747474747475,0.47474747474747475,0.5353535353535354
87,0.5555555555555556,0.4444444444444444,0.5656565656565656,0.41414141414141414
88,0.5757575757575758,0.5757575757575758,0.48484848484848486,0.46464646464646464
89,0.5555555555555556,0.5050505050505051,0.5050505050505051,0.42424242424242425
90,0.5353535353535354,0.47474747474747475,0.5252525252525253,0.5252525252525253
91,0.5151515151515151,0.5252525252525253,0.47474747474747475,0.47474747474747475
92,0.494949494949495,0.47474747474747475,0.5252525252525253,0.4444444444444444
93,0.5252525252525253,0.43434343434343436,0.43434343434343436,0.4444444444444444
94,0.5656565656565656,0.494949494949495,0.5151515151515151,0.46464646464646464
95,0.5050505050505051,0.5050505050505051,0.45454545454545453,0.45454545454545453
96,0.5252525252525253,0.47474747474747475,0.47474747474747475,0.494949494949495
97,0.494949494949495,0.494949494949495,0.5656565656565656,0.4444444444444444
98,0.5151515151515151,0.47474747474747475,0.47474747474747475,0.45454545454545453
99,0.5252525252525253,0.5252525252525253,0.4444444444444444,0.45454545454545453
100,0.5252525252525253,0.5151515151515151,0.48484848484848486,0.4444444444444444
101,0.4444444444444444,0.40404040404040403,0.40404040404040403,0.47474747474747475
102,0.48484848484848486,0.48484848484848486,0.5656565656565656,0.43434343434343436
103,0.5555555555555556,0.494949494949495,0.494949494949495,0.47474747474747475
104,0.494949494949495,0.494949494949495,0.43434343434343436,0.5050505050505051
105,0.5151515151515151,0.5050505050505051,0.494949494949495,0.47474747474747475
106,0.42424242424242425,0.5454545454545454,0.5454545454545454,0.4444444444444444
107,0.5757575757575758,0.5151515151515151,0.5151515151515151,0.47474747474747475
108,0.5050505050505051,0.494949494949495,0.494949494949495,0.48484848484848486
109,0.5656565656565656,0.48484848484848486,0.48484848484848486,0.45454545454545453
110,0.48484848484848486,0.5353535353535354,0.46464646464646464,0.494949494949495
111,0.5050505050505051,0.494949494949495,0.5252525252525253,0.494949494949495
112,0.5151515151515151,0.5151515151515151,0.5050505050505051,0.47474747474747475
113,0.5353535353535354,0.5353535353535354,0.46464646464646464,0.40404040404040403
114,0.47474747474747475,0.47474747474747475,0.47474747474747475,0.494949494949495
115,0.5959595959595959,0.5050505050505051,0.494949494949495,0.42424242424242425
116,0.5252525252525253,0.4444444444444444,0.4444444444444444,0.494949494949495
117,0.5757575757575758,0.494949494949495,0.5050505050505051,0.46464646464646464
118,0.46464646464646464,0.41414141414141414,0.41414141414141414,0.5252525252525253
119,0.5353535353535354,0.5252525252525253,0.5050505050505051,0.494949494949495
120,0.5656565656565656,0.5454545454545454,0.45454545454545453,0.48484848484848486
121,0.5858585858585859,0.5050505050505051,0.494949494949495,0.48484848484848486
122,0.5656565656565656,0.5151515151515151,0.48484848484848486,0.40404040404040403
123,0.5050505050505051,0.5050505050505051,0.42424242424242425,0.4444444444444444
124,0.46464646464646464,0.46464646464646464,0.5656565656565656,0.4444444444444444
125,0.5656565656565656,0.5151515151515151,0.5151515151515151,0.42424242424242425
126,0.5151515151515151,0.47474747474747475,0.47474747474747475,0.45454545454545453
127,0.5353535353535354,0.5050505050505051,0.494949494949495,0.43434343434343436
128,0.46464646464646464,0.5454545454545454,0.45454545454545453,0.45454545454545453
129,0.5858585858585859,0.494949494949495,0.5050505050505051,0.46464646464646464
130,0.5757575757575758,0.46464646464646464,0.46464646464646464,0.3939393939393939
131,0.47474747474747475,0.47474747474747475,0.5252525252525253,0.45454545454545453
132,0.5050505050505051,0.5050505050505051,0.5151515151515151,0.45454545454545453
133,0.5252525252525253,0.494949494949495,0.494949494949495,0.41414141414141414
134,0.5555555555555556,0.48484848484848486,0.48484848484848486,0.47474747474747475
135,0.5757575757575758,0.5757575757575758,0.45454545454545453,0.494949494949495
136,0.43434343434343436,0.40404040404040403,0.40404040404040403,0.5252525252525253
137,0.5858585858585859,0.5050505050505051,0.5050505050505051,0.494949494949495
138,0.5050505050505051,0.5050505050505051,0.4444444444444444,0.43434343434343436
139,0.5252525252525253,0.494949494949495,0.494949494949495,0.48484848484848486
140,0.5454545454545454,0.5454545454545454,0.45454545454545453,0.42424242424242425
141,0.5757575757575758,0.5757575757575758,0.494949494949495,0.43434343434343436
142,0.494949494949495,0.46464646464646464,0.46464646464646464,0.46464646464646464
143,0.4444444444444444,0.4444444444444444,0.5555555555555556,0.45454545454545453
144,0.5050505050505051,0.5050505050505051,0.494949494949495,0.48484848484848486
145,0.5454545454545454,0.47474747474747475,0.47474747474747475,0.5555555555555556
146,0.45454545454545453,0.4444444444444444,0.5252525252525253,0.47474747474747475
147,0.6060606060606061,0.5252525252525253,0.47474747474747475,0.46464646464646464
148,0.5151515151515151,0.5252525252525253,0.5252525252525253,0.46464646464646464
149,0.5454545454545454,0.5151515151515151,0.5151515151515151,0.4444444444444444
150,0.5050505050505051,0.5353535353535354,0.46464646464646464,0.40404040404040403
151,0.5555555555555556,0.5151515151515151,0.5151515151515151,0.47474747474747475
152,0.46464646464646464,0.46464646464646464,0.5353535353535354,0.5656565656565656
153,0.48484848484848486,0.45454545454545453,0.45454545454545453,0.46464646464646464
154,0.5353535353535354,0.5353535353535354,0.5050505050505051,0.48484848484848486
155,0.5757575757575758,0.494949494949495,0.5050505050505051,0.48484848484848486
156,0.5252525252525253,0.494949494949495,0.494949494949495,0.48484848484848486
157,0.5353535353535354,0.494949494949495,0.5050505050505051,0.46464646464646464
158,0.5353535353535354,0.5252525252525253,0.47474747474747475,0.47474747474747475
159,0.5252525252525253,0.5555555555555556,0.5555555555555556,0.4444444444444444
160,0.494949494949495,0.494949494949495,0.5454545454545454,0.47474747474747475
161,0.5656565656565656,0.48484848484848486,0.5151515151515151,0.35353535353535354
162,0.5353535353535354,0.5353535353535354,0.5151515151515151,0.5050505050505051
163,0.5252525252525253,0.5454545454545454,0.45454545454545453,0.42424242424242425
164,0.35353535353535354,0.35353535353535354,0.35353535353535354,0.4444444444444444
165,0.5151515151515151,0.47474747474747475,0.5252525252525253,0.3838383838383838
166,0.5050505050505051,0.5353535353535354,0.5353535353535354,0.46464646464646464
167,0.4444444444444444,0.43434343434343436,0.43434343434343436,0.47474747474747475
168,0.5555555555555556,0.5151515151515151,0.48484848484848486,0.46464646464646464
169,0.5454545454545454,0.5050505050505051,0.494949494949495,0.47474747474747475
170,0.5252525252525253,0.43434343434343436,0.43434343434343436,0.48484848484848486
171,0.47474747474747475,0.5555555555555556,0.4444444444444444,0.40404040404040403
172,0.5555555555555556,0.5050505050505051,0.494949494949495,0.46464646464646464
173,0.494949494949495,0.5252525252525253,0.5252525252525253,0.4444444444444444
174,0.5151515151515151,0.46464646464646464,0.46464646464646464,0.42424242424242425
175,0.5757575757575758,0.47474747474747475,0.47474747474747475,0.494949494949495
176,0.494949494949495,0.4444444444444444,0.5555555555555556,0.47474747474747475
177,0.4444444444444444,0.4444444444444444,0.5555555555555556,0.45454545454545453
178,0.48484848484848486,0.48484848484848486,0.42424242424242425,0.48484848484848486
179,0.5858585858585859,0.5050505050505051,0.494949494949495,0.494949494949495
180,0.5151515151515151,0.5151515151515151,0.4444444444444444,0.5050505050505051
181,0.5050505050505051,0.5050505050505051,0.4444444444444444,0.4444444444444444
182,0.5858585858585859,0.48484848484848486,0.48484848484848486,0.3838383838383838
183,0.6060606060606061,0.48484848484848486,0.5151515151515151,0.41414141414141414
184,0.494949494949495,0.5555555555555556,0.5555555555555556,0.3939393939393939
185,0.5353535353535354,0.5252525252525253,0.5252525252525253,0.42424242424242425
186,0.494949494949495,0.47474747474747475,0.47474747474747475,0.37373737373737376
187,0.5050505050505051,0.5555555555555556,0.5555555555555556,0.45454545454545453
188,0.5252525252525253,0.46464646464646464,0.5353535353535354,0.4444444444444444
189,0.5353535353535354,0.5151515151515151,0.5151515151515151,0.48484848484848486
190,0.5959595959595959,0.48484848484848486,0.48484848484848486,0.48484848484848486
191,0.5151515151515151,0.5050505050505051,0.5050505050505051,0.4444444444444444
192,0.5555555555555556,0.47474747474747475,0.47474747474747475,0.47474747474747475
193,0.5454545454545454,0.494949494949495,0.5050505050505051,0.494949494949495
194,0.5353535353535354,0.47474747474747475,0.5252525252525253,0.42424242424242425
195,0.5454545454545454,0.5252525252525253,0.47474747474747475,0.48484848484848486
196,0.40404040404040403,0.40404040404040403,0.40404040404040403,0.494949494949495
197,0.5151515151515151,0.5050505050505051,0.494949494949495,0.5353535353535354
198,0.5757575757575758,0.48484848484848486,0.48484848484848486,0.47474747474747475
199,0.5353535353535354,0.47474747474747475,0.5252525252525253,0.40404040404040403
