,Quantum Kernel Estimator (SVM)
0,0.98989898989899
1,0.98989898989899
2,0.9595959595959596
3,1.0
4,1.0
5,0.98989898989899
6,0.9797979797979798
7,0.9696969696969697
8,1.0
9,0.9797979797979798
10,1.0
11,0.9191919191919192
12,0.9595959595959596
13,0.98989898989899
14,0.98989898989899
15,0.9494949494949495
16,0.98989898989899
17,0.9797979797979798
18,0.9797979797979798
19,0.98989898989899
20,0.9797979797979798
21,1.0
22,1.0
23,0.9797979797979798
24,0.9797979797979798
25,0.9797979797979798
26,0.9797979797979798
27,0.98989898989899
28,0.98989898989899
29,0.9797979797979798
30,0.9797979797979798
31,1.0
32,0.9797979797979798
33,0.9797979797979798
34,0.9696969696969697
35,0.9696969696969697
36,0.9696969696969697
37,0.9797979797979798
38,1.0
39,0.98989898989899
40,0.9696969696969697
41,0.98989898989899
42,1.0
43,0.98989898989899
44,1.0
45,0.9595959595959596
46,1.0
47,0.9797979797979798
48,0.9595959595959596
49,0.9797979797979798
50,0.98989898989899
51,0.98989898989899
52,0.98989898989899
53,0.9797979797979798
54,0.98989898989899
55,0.9797979797979798
56,0.98989898989899
57,0.98989898989899
58,0.9797979797979798
59,0.98989898989899
60,0.9797979797979798
61,0.98989898989899
62,0.9797979797979798
63,0.9797979797979798
64,0.9797979797979798
65,0.9797979797979798
66,0.9797979797979798
67,0.98989898989899
68,0.9696969696969697
69,0.9696969696969697
70,0.9797979797979798
71,1.0
72,0.9797979797979798
73,0.9797979797979798
74,0.98989898989899
75,0.98989898989899
76,0.9696969696969697
77,0.98989898989899
78,0.9797979797979798
79,1.0
80,0.98989898989899
81,0.98989898989899
82,0.98989898989899
83,0.9696969696969697
84,0.9797979797979798
85,0.9696969696969697
86,0.9797979797979798
87,0.9696969696969697
88,0.9696969696969697
89,0.98989898989899
90,1.0
91,0.98989898989899
92,0.9797979797979798
93,0.9797979797979798
94,0.9797979797979798
95,1.0
96,0.9696969696969697
97,0.9797979797979798
98,1.0
99,0.9797979797979798
100,0.9696969696969697
101,1.0
102,1.0
103,0.9797979797979798
104,0.9797979797979798
105,0.98989898989899
106,0.98989898989899
107,0.9797979797979798
108,0.98989898989899
109,0.98989898989899
110,0.9494949494949495
111,0.98989898989899
112,0.9797979797979798
113,0.9797979797979798
114,0.9797979797979798
115,0.9696969696969697
116,0.98989898989899
117,0.9696969696969697
118,0.9696969696969697
119,0.9797979797979798
120,0.98989898989899
121,0.9696969696969697
122,0.9797979797979798
123,0.98989898989899
124,0.9595959595959596
125,0.9696969696969697
126,0.98989898989899
127,0.98989898989899
128,0.98989898989899
129,0.9696969696969697
130,0.9797979797979798
131,0.9797979797979798
132,0.98989898989899
133,0.98989898989899
134,0.98989898989899
135,0.9595959595959596
136,0.98989898989899
137,0.9696969696969697
138,1.0
139,1.0
140,1.0
141,1.0
142,0.9797979797979798
143,0.9797979797979798
144,0.98989898989899
145,0.9797979797979798
146,0.9797979797979798
147,0.9797979797979798
148,0.9797979797979798
149,0.98989898989899
150,0.9595959595959596
151,0.9595959595959596
152,0.9595959595959596
153,0.9797979797979798
154,0.98989898989899
155,1.0
156,0.98989898989899
157,1.0
158,0.98989898989899
159,1.0
160,1.0
161,0.98989898989899
162,1.0
163,0.9696969696969697
164,0.9797979797979798
165,0.98989898989899
166,0.98989898989899
167,0.9797979797979798
168,0.9797979797979798
169,0.98989898989899
170,1.0
171,0.98989898989899
172,0.9797979797979798
173,0.98989898989899
174,0.98989898989899
175,0.98989898989899
176,1.0
177,1.0
178,0.9696969696969697
179,0.9797979797979798
180,0.9797979797979798
181,0.98989898989899
182,0.98989898989899
183,0.98989898989899
184,0.9696969696969697
185,0.98989898989899
186,0.9797979797979798
187,0.98989898989899
188,0.9696969696969697
189,0.98989898989899
190,1.0
191,0.9797979797979798
192,0.9797979797979798
193,0.98989898989899
194,0.9696969696969697
195,0.9696969696969697
196,0.9696969696969697
197,0.98989898989899
198,0.9696969696969697
199,0.9797979797979798
